cod_loja;faturamento
10;147048.37999999998
13;101611.41333333333
16;79741.20566666666
21;88589.82833333332
28;133011.08166666667
41;167564.86666666667
55;71183.46133333333
64;151261.64666666667
73;188453.91333333333
75;144885.93000000002
82;108580.32133333334
84;139827.29666666666
87;92811.98666666665
99;78956.48166666667
103;133148.91
106;87662.52500000001
117;86500.12
119;85341.65000000001
127;74702.23166666667
129;120111.20666666667
132;154818.94333333333
178;259773.1166666667
200;88922.81666666667
201;82661.88666666667
202;96306.15999999999
203;94862.74133333335
206;76643.20466666667
213;154864.81
215;175990.66333333333
220;101532.22333333333
232;65004.91733333334
234;171186.13333333333
235;68565.64333333333
240;64671.54666666667
241;103374.56333333334
242;60484.647
254;69658.19900000001
255;359446.64666666667
261;57697.72
262;159616.56666666668
272;71706.94266666665
278;91232.17333333334
285;151851.41333333333
300;90222.46500000001
302;100189.60533333333
303;63495.35666666667
308;135958.7333333333
315;94049.73733333334
323;95859.33
327;83281.08666666667
333;64650.47199999999
334;134685.28333333333
339;59476.595
344;91406.33833333333
353;246827.87666666668
355;65498.81766666667
375;71199.34333333334
381;235637.67666666667
384;134357.87333333332
394;119622.87
420;114512.96999999999
427;58388.799999999996
448;96011.57666666666
450;196054.30333333334
452;121144.48666666665
461;49842.493333333325
476;127797.38333333335
480;259914.57666666666
486;55751.06533333333
501;151692.43999999997
514;102911.22499999999
520;82690.7
522;44794.64666666667
526;86672.84533333335
540;79245.54633333332
543;72065.90666666668
545;134017.33
556;77143.26900000001
560;153189.38999999998
561;67880.51000000001
566;51306.166666666664
572;67060.03433333333
575;65603.561
588;57862.30266666666
592;46550.22266666667
596;103039.44666666666
601;52505.122
603;113664.34666666666
610;84187.68
618;37095.825666666664
620;47530.98166666667
636;136296.15866666668
637;46159.056000000004
641;159992.31333333332
645;254403.68000000002
646;103414.60999999999
652;200294.33666666667
653;62962.615
678;34149.949
680;104035.38666666667
683;63776.549
685;100228.07466666667
715;39732.21
730;54741.12266666667
733;163891.81666666668
750;69057.99266666667
756;94518.18333333333
758;60950.15866666666
771;144547.09333333335
777;30890.093000000004
791;45397.85
812;42382.13333333333
813;53046.02666666667
820;38405.29633333334
841;41648.0
857;59692.081000000006
861;114824.79333333333
866;207140.58333333334
867;107323.43
868;67369.78666666667
875;95614.496
876;41225.89366666666
885;91966.57666666668
903;171422.82666666666
907;158547.51333333334
914;49060.662333333334
929;115486.00666666667
936;142676.73
938;77484.14666666667
944;60858.41166666666
950;74242.32
952;51414.27866666667
953;76071.768
967;66858.196
974;184495.18666666665
975;100907.02333333333
1007;89681.36666666665
1008;59019.98166666667
1013;54721.308
1025;147092.31666666668
1027;269909.8133333333
1034;87514.79666666668
1036;71904.75666666667
1039;36477.64333333333
1059;94745.978
1065;132033.96666666667
1069;51711.16533333334
1073;73541.78033333334
1082;50686.10533333333
1089;50023.942
1093;90748.05133333332
1094;148377.6133333333
1099;36518.42566666667
1106;68081.56833333334
1109;116125.83
1114;152525.55000000002
1124;59196.128666666664
1126;66324.04166666667
1145;85477.66333333334
1148;36424.62066666667
1151;46299.81766666667
1153;68601.57666666666
1156;113150.83666666667
1164;88280.00533333333
1173;44771.75266666667
1175;46487.117
1180;73198.78433333333
1186;94163.19
1196;90334.34833333334
1199;77250.10633333333
1208;149635.97999999998
1213;104911.69133333334
1226;42434.624
1234;159540.54333333333
1246;111588.153
1247;130948.15333333332
1254;54610.312666666665
1267;108028.925
1274;49132.50266666667
1279;55952.12499999999
1283;42044.48533333334
1287;35530.17766666666
1292;60430.69
1298;270574.7733333334
1308;76511.47466666666
1314;109436.86333333333
1317;245234.26333333334
1321;52988.291333333334
1322;176602.94333333336
1334;92973.96333333333
1335;60306.931333333334
1359;101945.63133333334
1360;68964.99133333332
1361;65161.01666666666
1374;94906.30533333332
1382;34624.16099999999
1384;36319.562666666665
1385;32866.78333333333
1390;128409.79533333336
1396;249093.34333333335
1398;36176.52133333333
1403;59187.85399999999
1415;37117.036
1418;183386.45666666667
1419;70667.39066666667
1421;151208.24133333334
1422;105349.68000000001
1447;49272.372
1448;81308.68333333333
1452;71800.30566666667
1460;44777.01
1461;125910.66833333333
1462;116927.45466666667
1485;68883.422
1499;88131.277
1500;69364.18
1502;73660.41333333333
1503;57259.95566666667
1507;94798.005
1510;61007.174333333336
1518;237044.54
1523;68659.88333333335
1524;62634.340000000004
1527;73016.56666666667
1531;89507.22533333332
1551;148548.44333333333
1563;53174.592666666664
1568;48779.51666666666
1569;95371.68
1570;103005.62533333333
1574;116888.11866666668
1580;77001.64
1595;53819.48499999999
1598;36342.09333333333
1602;29713.385
1605;170757.61666666667
1613;30525.555666666667
1623;67232.89
1624;64778.44133333333
1626;111773.95333333335
1632;48243.462999999996
1667;51815.918666666665
1669;43979.405
1674;67771.28066666667
1685;41690.600666666665
1686;239981.24666666667
1696;294281.63
1708;27119.971999999998
1724;67893.68733333334
1732;73666.23
1734;186461.04
1743;67316.636
1752;79975.47666666667
1754;95743.54
1757;125670.12833333334
1760;99134.43666666666
1768;140486.86666666667
1774;50736.769
1787;105128.87299999998
1788;66253.54533333333
1789;67673.44766666666
1794;17043.505
1795;42882.15933333334
1799;103914.11366666667
1808;57369.99733333333
1809;98763.20533333333
1811;97668.39166666666
1819;181072.6066666667
1824;34689.443999999996
1835;72069.08
1842;278572.68333333335
1843;33393.13566666666
1851;49602.19166666666
1853;90461.03166666666
1858;57800.005666666664
1861;65358.53566666667
1862;61063.907333333336
1863;178938.76333333334
1869;51842.43533333333
1872;74254.02500000001
1874;72853.61666666668
1882;34985.14033333333
1885;94779.11666666668
1890;74108.87999999999
1896;69266.902
1899;28207.137999999995
1901;59543.369999999995
1918;197195.18000000002
1919;84721.53166666668
1927;150516.18333333332
1930;58039.217333333334
1933;67642.71866666667
1944;70288.55333333333
1949;93513.05333333333
1982;132016.092
1984;130034.74833333334
1986;84264.91833333333
1990;49432.69666666666
1992;71879.675
2009;139513.3866666667
2015;75782.54666666668
2018;53161.170333333335
2020;90511.64666666667
2028;179610.24333333332
2040;71512.10266666666
2046;140608.58833333332
2050;96240.74666666666
2066;50538.114
2068;33511.975
2070;273727.3433333333
2072;93698.15166666667
2074;41319.606999999996
2091;35593.138666666666
2096;64604.42333333334
2111;192389.37333333332
2116;123732.942
2120;70639.05
2121;141651.78666666665
2128;48843.184
2132;351375.8666666667
2136;317815.38666666666
2139;87274.40333333334
2152;189324.20333333334
2153;62541.75666666666
2163;225959.79
2165;144497.77333333332
2166;277673.2933333333
2171;266888.8666666667
2173;107391.15999999999
2177;222611.25666666668
2181;97854.98999999999
2193;100034.33133333334
2195;111401.93
2201;146346.81500000003
2207;101411.65800000001
2223;60298.32833333333
2236;179732.44666666666
2240;38599.353
2241;79489.185
2250;102150.29333333333
2262;60045.28
2277;84298.70666666667
2283;31838.762666666666
2284;142977.64333333334
2294;67867.49533333334
2296;82694.48
2306;77086.40000000001
2321;246153.40666666665
2334;70133.08666666667
2337;46977.94033333333
2341;70712.071
2347;96667.30166666665
2367;37527.577666666664
2368;158852.61000000002
2376;185179.51666666663
2379;43760.255
2380;70545.67233333334
2382;97199.71
2386;69320.01533333333
2388;70323.77500000001
2390;76296.76166666667
2403;166723.22666666665
2410;60344.81
2416;63897.88966666666
2420;79801.94
2423;72196.40133333333
2426;241119.09666666668
2436;43362.62666666667
2451;64033.64566666667
2452;70802.65666666666
2454;48902.16733333334
2461;119883.84333333334
2463;212532.71000000005
2464;69153.099
2469;58259.810666666664
3390;94374.99666666666
2481;78604.03133333333
2487;77147.18333333333
2488;113047.56
2494;102737.72333333334
2504;106789.24666666666
2513;68122.08200000001
2527;26794.931333333338
2535;93737.444
2537;192301.09333333335
2543;19042.321666666667
2550;75534.73666666666
2562;71929.35833333334
2564;40271.12899999999
2579;73440.33233333334
2580;58651.36066666667
2585;56255.199666666675
2594;118603.50666666667
2596;143585.732
2604;54808.261666666665
2613;34950.728
2637;85211.40333333334
2646;52448.73066666666
2649;56807.61066666667
2650;45157.484
2651;54698.14666666667
2652;96245.72833333333
2655;50016.924
2665;28360.982
2667;76454.65000000001
2673;174360.92
2688;256078.80000000002
2689;125028.37966666667
2700;79774.89
2702;46877.19766666667
2704;61098.73733333333
2705;46961.893000000004
2708;111128.62833333334
2724;78971.12
2730;33032.11566666667
2733;141091.63333333333
2741;48487.80066666667
2745;45629.81733333333
2746;38751.596333333335
2748;30319.14
2752;28757.996666666662
2755;93746.86499999999
2757;71272.95633333334
2761;100022.672
2763;61405.86466666666
2774;52154.54766666666
2779;182527.02333333335
2792;79881.02166666667
2801;316058.43333333335
2815;67567.98666666666
2822;141466.22999999998
2828;64528.99
2840;155829.1033333333
2847;31066.61766666667
2855;74284.08533333334
2860;84317.412
2867;105299.89333333333
2877;77910.57866666665
2889;59040.157666666666
2894;57009.011666666665
2910;139249.99333333332
2929;43311.42866666667
2932;77707.79533333333
2934;78460.35800000001
2945;75912.24066666666
2950;83852.89333333333
2954;43672.65233333333
2958;44158.932
2966;154607.47666666665
2976;96298.75533333332
2984;218333.39666666664
2992;43907.86866666667
3004;289704.7
3008;175241.46666666667
3033;202715.99
3054;51167.12100000001
3057;60849.99733333333
3069;89863.89466666667
3082;221029.88333333333
3086;43147.345
3096;136160.72333333333
3098;79223.54966666666
3103;57924.75633333333
3109;33580.583666666666
3114;76448.83333333333
3115;88444.59666666666
3121;94240.506
3138;38626.119666666666
3156;106234.19
3164;109065.53866666666
3168;46777.32433333333
3169;90484.38466666666
3182;52073.219000000005
3186;217298.82333333333
3197;38083.943999999996
3199;29553.52666666667
3200;37704.960666666666
3206;43011.37966666667
3208;139187.98
3213;127970.37333333334
3236;97347.07466666667
3243;99556.48666666665
3251;36494.738333333335
3252;93074.41200000001
3261;132123.3633333333
3263;131960.06333333332
3274;83764.92
3284;84671.71999999999
3285;58628.55733333333
3287;71323.192
3294;70304.85366666666
3301;66729.84866666667
3307;137698.02
3310;32709.91366666667
3316;111990.95333333332
3323;31228.426666666666
3326;21105.698666666667
3340;137210.97
3344;52485.44133333333
3353;111852.51333333332
3359;59310.66133333333
3367;54910.886666666665
3368;28919.994000000002
3371;48859.774333333335
3383;81404.60333333333
3389;67832.12
3394;126708.99666666666
3396;258998.38
3406;31028.838666666667
3415;82514.40333333334
3416;197892.05666666664
3426;91321.38333333335
3432;62785.613000000005
3433;71606.50666666667
3436;69910.39
3450;197620.73666666666
3457;57986.286
3464;71796.81
3472;83049.37333333334
3475;136687.61666666667
3478;57024.829999999994
3480;137039.26333333334
3484;70295.10733333333
3493;60944.570999999996
3512;105989.57666666666
3533;105454.85533333333
3539;97949.55533333332
3549;136011.89333333334
3552;65140.90266666666
3557;61301.66166666666
3559;82303.05666666666
3565;90605.82733333333
3566;91293.85933333333
3568;90605.82733333333
3592;61446.16566666666
3593;83298.89
3598;69680.88433333334
3599;90143.455
3605;82573.72133333333
3608;65464.456666666665
3617;88518.59333333334
3621;99102.71
3626;116236.86333333333
3627;33213.50966666667
3636;98659.69499999999
3644;79045.91666666667
3650;40696.299999999996
3661;51774.312333333335
3667;48706.60366666666
3672;95436.25133333333
3674;246617.2633333333
3675;96075.96833333332
3684;100556.17
